([2], 0.2222322090677552)
([3], 0.2766130672358033)
([0], 0.4233968152830553)
([1], 0.4757482460756538)
([0, 1], 1.178139402523385)
([2, 3], 1.2446180605159303)
([0, 2], 1.3060872515480928)
([1, 2], 1.3349794416069516)
([0, 3], 1.3524909401335217)
([1, 3], 1.4186223694194222)
([0, 2, 3], 2.0874319606026797)
([0, 1, 3], 2.1405671598646347)
([0, 1, 2], 2.3549051907386493)

([3], 0.5751514796975458)
([1], 0.6628946563796132)
([0], 0.7990239296269817)
([2], 0.8287386408170244)
([1, 3], 1.6274880684621702)
([0, 2], 1.721579924282998)
([0, 3], 1.8788429823798936)
([0, 1], 1.9161726675180346)
([1, 2], 1.9617845996991259)
([2, 3], 1.973211555124023)
([0, 2, 3], 2.646081543499701)
([0, 1, 3], 2.7649194198370193)
([0, 1, 2], 2.8450439610765024)

